<svg width="251" height="196" viewBox="0 0 251 196" fill="none" xmlns="http://www.w3.org/2000/svg">
<g opacity="0.3">
<path d="M249.041 84.7174C242.316 37.1693 199.59 0.5 147.839 0.5C112.19 0.5 80.8094 17.8999 62.532 44.2684C29.3186 53.784 5.11719 83.1282 5.11719 117.873C5.11719 160.323 41.2394 194.874 85.797 194.874C88.7352 194.874 143.184 195.3 147.839 195.3C162.473 195.271 176.944 192.215 190.34 186.322C191.043 186.015 191.761 185.731 192.455 185.41C194.915 184.273 197.312 183.028 199.657 181.711" stroke="#0086FF" stroke-width="0.738" stroke-miterlimit="10"/>
<path d="M199.66 181.71C229.783 164.784 250.001 133.562 250.001 97.8313" stroke="#0086FF" stroke-width="0.738" stroke-miterlimit="10"/>
<path d="M250.001 97.8313C250.001 96.9157 249.985 96.0034 249.96 95.0931C249.918 93.6317 249.826 92.183 249.719 90.7383C249.566 88.7117 249.325 86.7092 249.043 84.7187" stroke="#0086FF" stroke-width="0.738" stroke-miterlimit="10"/>
</g>
<path d="M184.226 97.47C184.045 97.367 183.869 97.2553 183.685 97.157C181.58 96.0357 179.327 95.2201 176.992 94.7346C177.114 95.6388 177.218 96.549 177.285 97.47C177.332 98.1262 177.371 98.785 177.389 99.4491C177.4 99.8634 177.406 100.278 177.407 100.694C177.41 108.397 175.4 115.967 171.577 122.654C167.753 129.341 162.249 134.913 155.609 138.818C156.226 139.334 156.861 139.83 157.526 140.289C157.848 140.51 158.184 140.711 158.515 140.917C161.37 142.689 164.55 143.873 167.869 144.4C171.187 144.927 174.578 144.786 177.841 143.985C181.104 143.185 184.175 141.741 186.873 139.739C189.571 137.736 191.842 135.216 193.554 132.324C195.265 129.432 196.382 126.228 196.839 122.899C197.296 119.571 197.084 116.184 196.215 112.938C195.346 109.693 193.838 106.653 191.779 103.997C189.721 101.342 187.153 99.1242 184.226 97.4741" fill="#BDDEFC"/>
<path d="M171.803 94.188C173.547 94.1907 175.286 94.3735 176.993 94.7337C175.781 85.8127 171.875 77.4741 165.798 70.8318C159.721 64.1895 151.761 59.56 142.983 57.5617C134.205 55.5634 125.026 56.2914 116.672 59.6487C108.318 63.006 101.188 68.8327 96.2343 76.35C88.2064 78.7752 81.3172 84.0042 76.8224 91.0842C72.3277 98.1642 70.5267 106.624 71.7478 114.921C72.9689 123.217 77.1307 130.799 83.4746 136.284C89.8186 141.769 97.9222 144.791 106.308 144.801C107.579 144.801 131.158 144.994 133.173 144.994C139.53 144.976 145.809 143.585 151.578 140.914C151.882 140.774 152.192 140.646 152.493 140.499C153.558 139.981 154.597 139.417 155.612 138.818C151.63 135.493 148.768 131.023 147.416 126.014C146.065 121.005 146.289 115.702 148.058 110.825C149.828 105.949 153.056 101.735 157.305 98.7586C161.554 95.7818 166.616 94.1862 171.804 94.1887L171.803 94.188Z" fill="#BDDEFC"/>
<path d="M242.182 133.267C241.337 132.422 240.26 131.847 239.088 131.614C237.915 131.38 236.7 131.5 235.596 131.958C234.492 132.415 233.548 133.19 232.884 134.184C232.22 135.177 231.865 136.346 231.865 137.541C231.865 138.736 232.22 139.905 232.884 140.899C233.548 141.893 234.492 142.667 235.596 143.125C236.7 143.582 237.915 143.702 239.088 143.469C240.26 143.236 241.337 142.66 242.182 141.815C243.314 140.681 243.949 139.144 243.949 137.541C243.949 135.939 243.314 134.402 242.182 133.267Z" fill="#FF00CE"/>
<path d="M88.8968 16.9401C88.0516 16.095 86.9747 15.5195 85.8024 15.2864C84.6301 15.0533 83.415 15.173 82.3107 15.6305C81.2064 16.0879 80.2626 16.8626 79.5985 17.8565C78.9345 18.8503 78.5801 20.0187 78.5801 21.214C78.5801 22.4093 78.9345 23.5777 79.5985 24.5716C80.2626 25.5654 81.2064 26.34 82.3107 26.7975C83.415 27.255 84.6301 27.3747 85.8024 27.1416C86.9747 26.9085 88.0516 26.333 88.8968 25.4879C90.0282 24.3532 90.6635 22.8163 90.6635 21.214C90.6635 19.6117 90.0282 18.0747 88.8968 16.9401Z" fill="#FF00CE"/>
<path d="M10.3168 133.267C9.4715 132.422 8.39464 131.847 7.22231 131.614C6.04998 131.38 4.83487 131.5 3.7306 131.958C2.62633 132.415 1.68249 133.19 1.01845 134.184C0.354413 135.177 0 136.346 0 137.541C0 138.736 0.354413 139.905 1.01845 140.899C1.68249 141.893 2.62633 142.667 3.7306 143.125C4.83487 143.582 6.04998 143.702 7.22231 143.469C8.39464 143.236 9.4715 142.66 10.3168 141.815C11.4486 140.681 12.0843 139.144 12.0843 137.541C12.0843 135.939 11.4486 134.402 10.3168 133.267Z" fill="#FF00CE"/>
<path d="M202.155 13.0609C201.31 12.2157 200.233 11.6401 199.061 11.4069C197.888 11.1737 196.673 11.2934 195.569 11.7508C194.464 12.2082 193.521 12.9829 192.856 13.9768C192.192 14.9707 191.838 16.1391 191.838 17.3344C191.838 18.5297 192.192 19.6982 192.856 20.6921C193.521 21.6859 194.464 22.4606 195.569 22.9181C196.673 23.3755 197.888 23.4951 199.061 23.262C200.233 23.0288 201.31 22.4532 202.155 21.608C203.287 20.4737 203.922 18.9368 203.922 17.3344C203.922 15.732 203.287 14.1952 202.155 13.0609Z" fill="#FF00CE"/>
</svg>
